{"0": {"FR_thigh": [0.01659862883388996, -0.017240010201931, -0.013487230986356735], "FL_thigh": [0.012595697306096554, 0.005301922094076872, -0.012795970775187016], "RR_thigh": [-0.05187562108039856, -0.013827547430992126, -0.019520685076713562], "RL_thigh": [-0.04131133109331131, 0.004033061675727367, -0.012423143722116947], "FR_foot": [0.020463179796934128, -0.016770891845226288, -0.038213085383176804], "FL_foot": [0.005107956472784281, -0.0015206297393888235, -0.043684959411621094], "RR_foot": [-0.05251865088939667, -0.011619637720286846, -0.04492790251970291], "RL_foot": [-0.06104164570569992, 0.0011795375030487776, -0.04216637834906578], "cam_R": [[0.03679254651069641, -0.9982312321662903, -0.04670203477144241], [0.9988889694213867, 0.0381142795085907, -0.027729786932468414], [0.029460683465003967, -0.04562971740961075, 0.9985233545303345]], "cam_p": [-0.24457836151123047, -0.01633971929550171, -0.0049508060328662395]}, "1": {"FR_thigh": [0.019867289811372757, -0.017579926177859306, -0.009811689145863056], "FL_thigh": [0.013146275654435158, 0.0052908374927937984, -0.009964017197489738], "RR_thigh": [-0.052136797457933426, -0.014844007790088654, -0.021406784653663635], "RL_thigh": [-0.045510780066251755, 0.004582693800330162, -0.012918242253363132], "FR_foot": [0.034768830984830856, -0.018030092120170593, -0.03564874827861786], "FL_foot": [0.013307931832969189, -0.0007428035605698824, -0.04048334062099457], "RR_foot": [-0.05558224767446518, -0.011808756738901138, -0.046610888093709946], "RL_foot": [-0.06532061100006104, 0.0032642604783177376, -0.042719922959804535], "cam_R": [[0.03155668079853058, -0.9985740184783936, -0.04305610805749893], [0.9994902014732361, 0.031316399574279785, 0.006241500377655029], [-0.004884302616119385, -0.04323139414191246, 0.9990537166595459]], "cam_p": [-0.2453322857618332, -0.011045332998037338, -0.005041057709604502]}, "2": {"FR_thigh": [0.024248097091913223, -0.016362687572836876, -0.011275550350546837], "FL_thigh": [0.01256386749446392, 0.005655193235725164, -0.009059261530637741], "RR_thigh": [-0.055391013622283936, -0.011879649944603443, -0.021563030779361725], "RL_thigh": [-0.051574211567640305, 0.006952976807951927, -0.014604568481445312], "FR_foot": [0.044026363641023636, -0.016726359724998474, -0.0337592177093029], "FL_foot": [0.007516900077462196, -0.0006820897106081247, -0.04112546518445015], "RR_foot": [-0.057188574224710464, -0.013503549620509148, -0.0478890985250473], "RL_foot": [-0.07076503336429596, 0.001938161440193653, -0.042714256793260574], "cam_R": [[0.02022761106491089, -0.9989607930183411, -0.040850669145584106], [0.9991756081581116, 0.018759354948997498, 0.03600580245256424], [-0.03520211577415466, -0.04154527187347412, 0.9985166192054749]], "cam_p": [-0.24587684869766235, -0.006228173151612282, -0.006147084757685661]}, "3": {"FR_thigh": [0.024884488433599472, -0.016634557396173477, -0.012448811903595924], "FL_thigh": [0.012871663086116314, 0.005906625650823116, -0.010665833950042725], "RR_thigh": [-0.05819454789161682, -0.011813119053840637, -0.021545544266700745], "RL_thigh": [-0.05642163008451462, 0.008126210421323776, -0.01598108373582363], "FR_foot": [0.04025648534297943, -0.015613219700753689, -0.03484885022044182], "FL_foot": [0.0021100216545164585, -0.0004191058687865734, -0.041592903435230255], "RR_foot": [-0.05560527369379997, -0.014378494583070278, -0.0471448078751564], "RL_foot": [-0.06981577724218369, 0.0007175805512815714, -0.0414050929248333], "cam_R": [[0.01984553039073944, -0.9994027614593506, -0.02827214077115059], [0.9971386194229126, 0.017721563577651978, 0.07349136471748352], [-0.07294654846191406, -0.02964988723397255, 0.9968956708908081]], "cam_p": [-0.2467919886112213, -0.0027304973918944597, -0.007870129309594631]}, "4": {"FR_thigh": [0.02432505413889885, -0.01730949990451336, -0.01225533802062273], "FL_thigh": [0.013612670823931694, 0.005290893837809563, -0.011834013275802135], "RR_thigh": [-0.06112033128738403, -0.01112431101500988, -0.021580616012215614], "RL_thigh": [-0.06108613684773445, 0.008521110750734806, -0.016866536810994148], "FR_foot": [0.03425806760787964, -0.015209672972559929, -0.035178691148757935], "FL_foot": [-0.00407005101442337, -0.00028339680284261703, -0.04260013625025749], "RR_foot": [-0.05369029566645622, -0.012458762153983116, -0.04627952724695206], "RL_foot": [-0.05583495646715164, -0.0020897709764540195, -0.039098821580410004], "cam_R": [[0.025008127093315125, -0.9995691180229187, -0.01535942405462265], [0.9957782030105591, 0.023550108075141907, 0.08872130513191223], [-0.08832133561372757, -0.017513561993837357, 0.9959383010864258]], "cam_p": [-0.24688363075256348, -0.00034763687290251255, -0.009941617026925087]}, "5": {"FR_thigh": [0.023494159802794456, -0.018171053379774094, -0.012019213289022446], "FL_thigh": [0.014870877377688885, 0.0047436123713850975, -0.013020720332860947], "RR_thigh": [-0.06451444327831268, -0.010451527312397957, -0.02188798040151596], "RL_thigh": [-0.06613371521234512, 0.009237749502062798, -0.017712891101837158], "FR_foot": [0.029217064380645752, -0.013643255457282066, -0.03697798401117325], "FL_foot": [-0.007417765446007252, 0.0013422900810837746, -0.042182497680187225], "RR_foot": [-0.052618637681007385, -0.0067363278940320015, -0.046481646597385406], "RL_foot": [-0.03625979274511337, -0.003654737025499344, -0.037973977625370026], "cam_R": [[0.025483086705207825, -0.99967360496521, -0.0018502548336982727], [0.9952928423881531, 0.02519819140434265, 0.09358014166355133], [-0.09350299090147018, -0.004225918557494879, 0.9956098794937134]], "cam_p": [-0.2471696138381958, 0.0008070761687122285, -0.012205704115331173]}, "6": {"FR_thigh": [0.021839849650859833, -0.018777603283524513, -0.011953705921769142], "FL_thigh": [0.01936081238090992, 0.0054076360538601875, -0.011690301820635796], "RR_thigh": [-0.06728819757699966, -0.011978106573224068, -0.02091933786869049], "RL_thigh": [-0.0693034827709198, 0.011085839942097664, -0.017053240910172462], "FR_foot": [0.02412533387541771, -0.012373474426567554, -0.03815997764468193], "FL_foot": [0.015120372176170349, 0.0015052203088998795, -0.0362430140376091], "RR_foot": [-0.05738559365272522, -0.006531611084938049, -0.04835294559597969], "RL_foot": [-0.024270549416542053, -0.0036721257492899895, -0.03820573911070824], "cam_R": [[0.020772188901901245, -0.9997428059577942, 0.009109577164053917], [0.995602011680603, 0.021516889333724976, 0.09118182212114334], [-0.09135434031486511, 0.007175543811172247, 0.9957924485206604]], "cam_p": [-0.24721704423427582, 0.0005173417739570141, -0.014046236872673035]}, "7": {"FR_thigh": [0.02140275202691555, -0.018476150929927826, -0.010288787074387074], "FL_thigh": [0.02585344761610031, 0.004436548799276352, -0.00994056649506092], "RR_thigh": [-0.0696023628115654, -0.013010206632316113, -0.01943475753068924], "RL_thigh": [-0.07507360726594925, 0.012693793512880802, -0.017269790172576904], "FR_foot": [0.01903221569955349, -0.011509417556226254, -0.039133161306381226], "FL_foot": [0.04019089415669441, 0.0008542761206626892, -0.032821208238601685], "RR_foot": [-0.06399726867675781, -0.009485548362135887, -0.049297887831926346], "RL_foot": [-0.027530547231435776, -0.0032673943787813187, -0.04041605815291405], "cam_R": [[0.013452529907226562, -0.9998939037322998, 0.005618123337626457], [0.9961936473846436, 0.013886228203773499, 0.08605176210403442], [-0.08612065017223358, 0.004439234733581543, 0.9962747097015381]], "cam_p": [-0.24695798754692078, -8.427537977695465e-06, -0.015451361425220966]}, "8": {"FR_thigh": [0.020904529839754105, -0.018406404182314873, -0.010962381958961487], "FL_thigh": [0.029063742607831955, 0.003983117174357176, -0.009646319784224033], "RR_thigh": [-0.07054216414690018, -0.01356528326869011, -0.019081205129623413], "RL_thigh": [-0.079359270632267, 0.013911060057580471, -0.018899252638220787], "FR_foot": [0.014829367399215698, -0.009974285960197449, -0.04011597856879234], "FL_foot": [0.05111711844801903, -0.0004135449416935444, -0.03006576932966709], "RR_foot": [-0.06819833070039749, -0.011057799682021141, -0.05005082115530968], "RL_foot": [-0.031928688287734985, -0.002724279183894396, -0.04224889725446701], "cam_R": [[0.001303359866142273, -0.9999895691871643, -0.004481654614210129], [0.9942855834960938, 0.0008174628019332886, 0.10675528645515442], [-0.10675042122602463, -0.004595080390572548, 0.9942758679389954]], "cam_p": [-0.24716509878635406, -0.00014771707355976105, -0.01535666175186634]}, "9": {"FR_thigh": [0.019890598952770233, -0.019126489758491516, -0.010469112545251846], "FL_thigh": [0.030351271852850914, 0.003195703262463212, -0.011389016173779964], "RR_thigh": [-0.07192571461200714, -0.011398179456591606, -0.016817670315504074], "RL_thigh": [-0.08087606728076935, 0.014967675320804119, -0.01885214075446129], "FR_foot": [0.009393093176186085, -0.008760513737797737, -0.04008539766073227], "FL_foot": [0.048930104821920395, -0.00064128078520298, -0.0340416356921196], "RR_foot": [-0.06757436692714691, -0.009177306666970253, -0.04740682989358902], "RL_foot": [-0.036404214799404144, -0.002091646660119295, -0.04296154901385307], "cam_R": [[-0.020375683903694153, -0.9996782541275024, -0.015100985765457153], [0.9927748441696167, -0.0220167338848114, 0.11795501410961151], [-0.1182495504617691, -0.012588534504175186, 0.9929040670394897]], "cam_p": [-0.24768535792827606, 0.00035206275060772896, -0.015316130593419075]}, "10": {"FR_thigh": [0.018838101997971535, -0.01874496601521969, -0.010191982612013817], "FL_thigh": [0.029194116592407227, 0.0033404130954295397, -0.011006510816514492], "RR_thigh": [-0.06894432008266449, -0.010935318656265736, -0.015816163271665573], "RL_thigh": [-0.07326909899711609, 0.01520039513707161, -0.016634389758110046], "FR_foot": [0.004563408903777599, -0.009208670817315578, -0.04076332598924637], "FL_foot": [0.04462844505906105, -0.0011697220616042614, -0.034062307327985764], "RR_foot": [-0.06478098034858704, -0.008730268105864525, -0.046138204634189606], "RL_foot": [-0.04066697508096695, -0.0016835606656968594, -0.043631087988615036], "cam_R": [[-0.03349381685256958, -0.9990236163139343, -0.028801193460822105], [0.9910351634025574, -0.0369274765253067, 0.12839484214782715], [-0.12933306396007538, -0.024242833256721497, 0.9913049936294556]], "cam_p": [-0.24821697175502777, 0.001134432852268219, -0.01438438706099987]}, "11": {"FR_thigh": [0.018064405769109726, -0.018249208107590675, -0.010273233987390995], "FL_thigh": [0.027204003185033798, 0.0028946311213076115, -0.011989835649728775], "RR_thigh": [-0.06357952952384949, -0.011817566119134426, -0.016606220975518227], "RL_thigh": [-0.059468142688274384, 0.012275829911231995, -0.01464222464710474], "FR_foot": [-0.0012198248878121376, -0.01126031018793583, -0.04204350709915161], "FL_foot": [0.039260394871234894, -0.0010179758537560701, -0.035464461892843246], "RR_foot": [-0.0604388602077961, -0.007630789652466774, -0.04430326446890831], "RL_foot": [-0.046424247324466705, -0.0008722471538931131, -0.04480744153261185], "cam_R": [[-0.05999632179737091, -0.9972602128982544, -0.04326653480529785], [0.9900545477867126, -0.06497649848461151, 0.12477928400039673], [-0.1272488385438919, -0.035350073128938675, 0.9912411570549011]], "cam_p": [-0.24861621856689453, 0.0019473920110613108, -0.01303226500749588]}, "12": {"FR_thigh": [0.01785143092274666, -0.01855529099702835, -0.009657025337219238], "FL_thigh": [0.024642430245876312, 0.0028850138187408447, -0.013096054084599018], "RR_thigh": [-0.056743472814559937, -0.012560950592160225, -0.019177040085196495], "RL_thigh": [-0.045910656452178955, 0.007806976791471243, -0.012460869736969471], "FR_foot": [-0.0075971996411681175, -0.013288511894643307, -0.042665619403123856], "FL_foot": [0.033645205199718475, -0.0005923844873905182, -0.03716506063938141], "RR_foot": [-0.053657568991184235, -0.005585558246821165, -0.04179252311587334], "RL_foot": [-0.053475260734558105, 0.0004861254710704088, -0.04478094354271889], "cam_R": [[-0.08686445653438568, -0.9946872591972351, -0.055245231837034225], [0.9900311827659607, -0.09236404299736023, 0.10634005069732666], [-0.11087772995233536, -0.04545723646879196, 0.9927940964698792]], "cam_p": [-0.2489609718322754, 0.0026775039732456207, -0.011754585430026054]}, "13": {"FR_thigh": [0.01920679770410061, -0.02077830396592617, -0.009277607314288616], "FL_thigh": [0.02200554497539997, 0.0016422204207628965, -0.013426653109490871], "RR_thigh": [-0.0500151701271534, -0.014563438482582569, -0.02011079527437687], "RL_thigh": [-0.036393262445926666, 0.0011637650895863771, -0.01101030595600605], "FR_foot": [-0.006248053628951311, -0.015047727152705193, -0.043295588344335556], "FL_foot": [0.026512471958994865, 0.000130500178784132, -0.038590628653764725], "RR_foot": [-0.050805091857910156, -0.0031803008168935776, -0.040864985436201096], "RL_foot": [-0.05935313180088997, 0.0008885087445378304, -0.04415272921323776], "cam_R": [[-0.11708122491836548, -0.9914803504943848, -0.057079799473285675], [0.9894424676895142, -0.12139756977558136, 0.07915426790714264], [-0.08540938794612885, -0.047209884971380234, 0.995227038860321]], "cam_p": [-0.24864956736564636, 0.0032139355316758156, -0.010707530193030834]}, "14": {"FR_thigh": [0.02286599762737751, -0.0202980674803257, -0.009550781920552254], "FL_thigh": [0.017930377274751663, 0.002193383639678359, -0.012147093191742897], "RR_thigh": [-0.04934927448630333, -0.016189292073249817, -0.022780882194638252], "RL_thigh": [-0.04140735790133476, 0.002697170013561845, -0.015377819538116455], "FR_foot": [0.024129658937454224, -0.01666056551039219, -0.03566204756498337], "FL_foot": [0.020620256662368774, -0.0004240282578393817, -0.042149871587753296], "RR_foot": [-0.05376047268509865, -0.009002508595585823, -0.04438159242272377], "RL_foot": [-0.06563644111156464, 0.0005471012555062771, -0.0438176654279232], "cam_R": [[-0.14318284392356873, -0.9882792234420776, -0.05295170098543167], [0.9871093034744263, -0.14647044241428375, 0.06451968848705292], [-0.07151922583580017, -0.043030738830566406, 0.9965105056762695]], "cam_p": [-0.2483428716659546, 0.003782014362514019, -0.010127322748303413]}, "15": {"FR_thigh": [0.025862200185656548, -0.019681032747030258, -0.009647086262702942], "FL_thigh": [0.016568293794989586, 0.002876920159906149, -0.011528955772519112], "RR_thigh": [-0.052589308470487595, -0.014486695639789104, -0.02238832786679268], "RL_thigh": [-0.048903994262218475, 0.004075349774211645, -0.01677693985402584], "FR_foot": [0.042891331017017365, -0.01683223806321621, -0.03447325527667999], "FL_foot": [0.014121492393314838, -0.0008706017397344112, -0.041722577065229416], "RR_foot": [-0.05870538949966431, -0.009831910021603107, -0.04793012887239456], "RL_foot": [-0.07133913040161133, 0.0006844528252258897, -0.043580833822488785], "cam_R": [[-0.16293026506900787, -0.9856827855110168, -0.04339461773633957], [0.9843566417694092, -0.16538554430007935, 0.06075303629040718], [-0.06706008315086365, -0.03281738609075546, 0.9972094893455505]], "cam_p": [-0.24817460775375366, 0.004336640238761902, -0.009696697816252708]}, "16": {"FR_thigh": [0.0283829178661108, -0.018889140337705612, -0.012038053944706917], "FL_thigh": [0.015013094991445541, 0.005480210296809673, -0.011646579951047897], "RR_thigh": [-0.05572263523936272, -0.01230494026094675, -0.02165607362985611], "RL_thigh": [-0.053651079535484314, 0.005883809179067612, -0.01738111488521099], "FR_foot": [0.040526531636714935, -0.014621664769947529, -0.03746777027845383], "FL_foot": [0.007980521768331528, 3.126170486211777e-05, -0.04212099686264992], "RR_foot": [-0.05672842264175415, -0.011073576286435127, -0.04673611745238304], "RL_foot": [-0.07459183037281036, 0.0024833243805915117, -0.042100682854652405], "cam_R": [[-0.17271772027015686, -0.9843727350234985, -0.034319646656513214], [0.9825034737586975, -0.17464521527290344, 0.06469504535198212], [-0.06967788934707642, -0.022545214742422104, 0.9973145127296448]], "cam_p": [-0.24830038845539093, 0.005035934038460255, -0.00923856534063816]}, "17": {"FR_thigh": [0.02697651833295822, -0.019030611962080002, -0.012278471142053604], "FL_thigh": [0.014721797779202461, 0.004773181863129139, -0.013028699904680252], "RR_thigh": [-0.05946880206465721, -0.011612027883529663, -0.022375058382749557], "RL_thigh": [-0.057778920978307724, 0.009382961317896843, -0.018690355122089386], "FR_foot": [0.034592997282743454, -0.014433685690164566, -0.03874356299638748], "FL_foot": [0.0019023390486836433, 0.0006007300689816475, -0.043494515120983124], "RR_foot": [-0.053697679191827774, -0.010566247627139091, -0.04491589218378067], "RL_foot": [-0.0636911541223526, 0.0003252758178859949, -0.040405940264463425], "cam_R": [[-0.17715084552764893, -0.9840354323387146, -0.01709718629717827], [0.9817740321159363, -0.17790542542934418, 0.06685080379247665], [-0.06882518529891968, -0.004942619241774082, 0.9976165294647217]], "cam_p": [-0.24930140376091003, 0.0064486186020076275, -0.008481824770569801]}, "18": {"FR_thigh": [0.025628693401813507, -0.01929445192217827, -0.012457522563636303], "FL_thigh": [0.01553838700056076, 0.003419211134314537, -0.01437469758093357], "RR_thigh": [-0.06151483952999115, -0.01050595659762621, -0.021816104650497437], "RL_thigh": [-0.062311626970767975, 0.010300812311470509, -0.019498389214277267], "FR_foot": [0.029207054525613785, -0.014045055955648422, -0.040277790278196335], "FL_foot": [-0.0033490504138171673, 0.0009884960018098354, -0.04393014311790466], "RR_foot": [-0.05127475783228874, -0.008919837884604931, -0.04644506797194481], "RL_foot": [-0.04763306304812431, -0.004674153868108988, -0.040043313056230545], "cam_R": [[-0.17126701772212982, -0.985203206539154, -0.0064674727618694305], [0.9827809929847717, -0.1713005155324936, 0.06926197558641434], [-0.06934500485658646, 0.005506305024027824, 0.9975776076316833]], "cam_p": [-0.25078070163726807, 0.008014044724404812, -0.007320145610719919]}, "19": {"FR_thigh": [0.024055371060967445, -0.019754787907004356, -0.01235850527882576], "FL_thigh": [0.019040312618017197, 0.0025225826539099216, -0.015008877962827682], "RR_thigh": [-0.06418024003505707, -0.009580888785421848, -0.02135300450026989], "RL_thigh": [-0.06645818054676056, 0.012868067249655724, -0.019537843763828278], "FR_foot": [0.024982066825032234, -0.01263139396905899, -0.04147252067923546], "FL_foot": [0.0032856953330338, 0.0009220507927238941, -0.040966082364320755], "RR_foot": [-0.055021658539772034, -0.006955794058740139, -0.04712232947349548], "RL_foot": [-0.032676879316568375, -0.004970488604158163, -0.039239514619112015], "cam_R": [[-0.1688312143087387, -0.9856446981430054, 1.66967511177063e-05], [0.9835348129272461, -0.1684684455394745, 0.06540790945291519], [-0.06446616351604462, 0.011059140786528587, 0.9978587627410889]], "cam_p": [-0.2527317404747009, 0.010043015703558922, -0.0063249836675822735]}, "20": {"FR_thigh": [0.02253381349146366, -0.018882164731621742, -0.01226026564836502], "FL_thigh": [0.02117733657360077, 0.003504800610244274, -0.01315903291106224], "RR_thigh": [-0.06687556952238083, -0.00964380893856287, -0.02119317650794983], "RL_thigh": [-0.06992387771606445, 0.014040952548384666, -0.017899587750434875], "FR_foot": [0.02060570940375328, -0.010901765897870064, -0.04209407418966293], "FL_foot": [0.019354645162820816, 0.0022351855877786875, -0.03514448553323746], "RR_foot": [-0.06060967221856117, -0.006261277012526989, -0.049221087247133255], "RL_foot": [-0.026208970695734024, -0.0036577254068106413, -0.04012864828109741], "cam_R": [[-0.16129466891288757, -0.986885666847229, -0.006429728120565414], [0.9848722219467163, -0.1613769382238388, 0.06311696022748947], [-0.06332682818174362, 0.0038482416421175003, 0.9979855418205261]], "cam_p": [-0.25486481189727783, 0.012192070484161377, -0.005183989182114601]}, "21": {"FR_thigh": [0.021571114659309387, -0.018245819956064224, -0.010629500262439251], "FL_thigh": [0.02573980763554573, 0.0032383385114371777, -0.010979666374623775], "RR_thigh": [-0.06904387474060059, -0.010459893383085728, -0.018121108412742615], "RL_thigh": [-0.07372801005840302, 0.013910134322941303, -0.01609872095286846], "FR_foot": [0.01564493589103222, -0.010645851492881775, -0.042035654187202454], "FL_foot": [0.04167203605175018, 0.0024585560895502567, -0.03256111592054367], "RR_foot": [-0.06666401773691177, -0.010098743252456188, -0.04997436702251434], "RL_foot": [-0.031153101474046707, -0.002153902081772685, -0.04110866039991379], "cam_R": [[-0.16594547033309937, -0.9860262274742126, -0.014666199684143066], [0.9842590093612671, -0.1665283441543579, 0.059181973338127136], [-0.06079734116792679, -0.0046144574880599976, 0.9981399178504944]], "cam_p": [-0.2572360932826996, 0.014140728861093521, -0.004746925085783005]}, "22": {"FR_thigh": [0.021709807217121124, -0.019442763179540634, -0.00993187353014946], "FL_thigh": [0.03010467439889908, 0.00159349013119936, -0.01220435369759798], "RR_thigh": [-0.06913409382104874, -0.01002910640090704, -0.016073405742645264], "RL_thigh": [-0.07634549587965012, 0.014705375768244267, -0.017374489456415176], "FR_foot": [0.011058577336370945, -0.009329641237854958, -0.04178573936223984], "FL_foot": [0.045539095997810364, 0.0009310855530202389, -0.0348818264901638], "RR_foot": [-0.06718585640192032, -0.00835341028869152, -0.048077747225761414], "RL_foot": [-0.03455676883459091, -0.0024246659595519304, -0.041637714952230453], "cam_R": [[-0.1707582026720047, -0.9847545623779297, -0.033174723386764526], [0.9821335077285767, -0.17281325161457062, 0.07448961585760117], [-0.07908696681261063, -0.019862094894051552, 0.996669352054596]], "cam_p": [-0.2591938078403473, 0.015660960227251053, -0.004306133836507797]}, "23": {"FR_thigh": [0.021360093727707863, -0.019270777702331543, -0.010058782063424587], "FL_thigh": [0.029968086630105972, 0.0012317330110818148, -0.012291714549064636], "RR_thigh": [-0.067423015832901, -0.00953131727874279, -0.01399151235818863], "RL_thigh": [-0.07459350675344467, 0.015925250947475433, -0.017428308725357056], "FR_foot": [0.006577674299478531, -0.009674870409071445, -0.041725702583789825], "FL_foot": [0.04179612919688225, 0.0006916290149092674, -0.03677859157323837], "RR_foot": [-0.06629028171300888, -0.008360798470675945, -0.04762420803308487], "RL_foot": [-0.038950365036726, -0.002301061525940895, -0.042739659547805786], "cam_R": [[-0.18330830335617065, -0.9822247624397278, -0.04040565341711044], [0.977877676486969, -0.1864015907049179, 0.09492509812116623], [-0.10076937824487686, -0.022111207246780396, 0.9946640133857727]], "cam_p": [-0.26129841804504395, 0.017259426414966583, -0.0046706306748092175]}, "24": {"FR_thigh": [0.019228793680667877, -0.018771015107631683, -0.010262074880301952], "FL_thigh": [0.02844036929309368, 0.00156428012996912, -0.012132120318710804], "RR_thigh": [-0.06288859993219376, -0.01158200390636921, -0.01431548222899437], "RL_thigh": [-0.06428086757659912, 0.013502134010195732, -0.01619447022676468], "FR_foot": [0.0006331773474812508, -0.010658834129571915, -0.042384497821331024], "FL_foot": [0.03714900463819504, -0.000328592024743557, -0.03686996549367905], "RR_foot": [-0.06039535999298096, -0.010501285083591938, -0.04551041126251221], "RL_foot": [-0.04507327824831009, -0.0014885158743709326, -0.04390139877796173], "cam_R": [[-0.20807869732379913, -0.9770803451538086, -0.04492027312517166], [0.9718033671379089, -0.21172624826431274, 0.10378315299749374], [-0.11091536283493042, -0.02205866575241089, 0.9935857653617859]], "cam_p": [-0.26363182067871094, 0.0191828403621912, -0.004626637324690819]}, "25": {"FR_thigh": [0.017920587211847305, -0.019649749621748924, -0.010441601276397705], "FL_thigh": [0.02521524950861931, 0.0013742323499172926, -0.01253135222941637], "RR_thigh": [-0.05670323222875595, -0.013774838298559189, -0.018605299293994904], "RL_thigh": [-0.04685010015964508, 0.009645193815231323, -0.013715614564716816], "FR_foot": [-0.006870194338262081, -0.011243754997849464, -0.04337600618600845], "FL_foot": [0.03147966414690018, -0.0001843022182583809, -0.03862311691045761], "RR_foot": [-0.05259745568037033, -0.00962204672396183, -0.04335666820406914], "RL_foot": [-0.05228838697075844, 0.0002542617730796337, -0.04511203616857529], "cam_R": [[-0.23662126064300537, -0.9706869125366211, -0.042162880301475525], [0.9656238555908203, -0.23975002765655518, 0.10045336931943893], [-0.10761728137731552, -0.016944240778684616, 0.9940482378005981]], "cam_p": [-0.2659016251564026, 0.02145354077219963, -0.004580550827085972]}, "26": {"FR_thigh": [0.01932634972035885, -0.020305605605244637, -0.009841037914156914], "FL_thigh": [0.02277945727109909, 0.001749010174535215, -0.013004845939576626], "RR_thigh": [-0.047793105244636536, -0.018176015466451645, -0.022495824843645096], "RL_thigh": [-0.03598782420158386, 0.0016220246907323599, -0.01304622646421194], "FR_foot": [-0.00047316355630755424, -0.01527109369635582, -0.04454832151532173], "FL_foot": [0.027933649718761444, 0.000681366422213614, -0.04018869251012802], "RR_foot": [-0.05029796063899994, -0.005665934644639492, -0.04443290829658508], "RL_foot": [-0.057139936834573746, 0.0009023495949804783, -0.04622673615813255], "cam_R": [[-0.2596806287765503, -0.9649275541305542, -0.0384780690073967], [0.9596915245056152, -0.26229724287986755, 0.10095611214637756], [-0.10750803351402283, -0.010710926726460457, 0.9941468834877014]], "cam_p": [-0.2673470079898834, 0.022483263164758682, -0.004653132986277342]}, "27": {"FR_thigh": [0.020930448547005653, -0.020206905901432037, -0.009861507453024387], "FL_thigh": [0.019058480858802795, 0.002221731934696436, -0.012276537716388702], "RR_thigh": [-0.047783996909856796, -0.01985113136470318, -0.024552514776587486], "RL_thigh": [-0.04043459892272949, 0.0034062378108501434, -0.016781628131866455], "FR_foot": [0.020368658006191254, -0.0154727753251791, -0.03952903300523758], "FL_foot": [0.022663021460175514, -0.0005607353523373604, -0.04180997610092163], "RR_foot": [-0.054196059703826904, -0.009603509679436684, -0.04718192294239998], "RL_foot": [-0.0630679577589035, 0.001205056207254529, -0.04667456075549126], "cam_R": [[-0.27217018604278564, -0.9618412852287292, -0.028025954961776733], [0.9570409655570984, -0.2736085057258606, 0.09597689658403397], [-0.09998270869255066, -0.0007001981139183044, 0.9949893951416016]], "cam_p": [-0.2686212956905365, 0.023361632600426674, -0.004923117812722921]}, "28": {"FR_thigh": [0.022198306396603584, -0.019303850829601288, -0.009779758751392365], "FL_thigh": [0.01676732487976551, 0.0035085072740912437, -0.01109941117465496], "RR_thigh": [-0.05036678537726402, -0.01813087798655033, -0.02391548827290535], "RL_thigh": [-0.04446392133831978, 0.004722475074231625, -0.01742442138493061], "FR_foot": [0.0359327495098114, -0.01663079671561718, -0.03781498223543167], "FL_foot": [0.016452856361865997, -0.0011085586156696081, -0.041438501328229904], "RR_foot": [-0.05752939358353615, -0.00967347901314497, -0.047710925340652466], "RL_foot": [-0.0669572725892067, 0.002007316565141082, -0.04659241810441017], "cam_R": [[-0.2821275591850281, -0.959018349647522, -0.0262201726436615], [0.9541370868682861, -0.28333380818367004, 0.09666796028614044], [-0.10013535618782043, 0.0022547151893377304, 0.994971513748169]], "cam_p": [-0.2696734070777893, 0.022726768627762794, -0.005302357487380505]}, "29": {"FR_thigh": [0.023490626364946365, -0.019320782274007797, -0.01085767149925232], "FL_thigh": [0.01611734926700592, 0.004971335642039776, -0.011641928926110268], "RR_thigh": [-0.05169745534658432, -0.017456667497754097, -0.02271242067217827], "RL_thigh": [-0.04734804853796959, 0.006286948919296265, -0.01730077713727951], "FR_foot": [0.0357513427734375, -0.016383042559027672, -0.03792066499590874], "FL_foot": [0.012921296991407871, -0.0007825177162885666, -0.040953606367111206], "RR_foot": [-0.0580914169549942, -0.011032219976186752, -0.04743873327970505], "RL_foot": [-0.06982366740703583, 0.0025623315013945103, -0.0463639460504055], "cam_R": [[-0.2840128540992737, -0.9586860537528992, -0.01603037863969803], [0.9529595375061035, -0.2840832471847534, 0.10566305369138718], [-0.10585170239210129, 0.014733401127159595, 0.994272768497467]], "cam_p": [-0.2711382210254669, 0.020909452810883522, -0.006120502017438412]}, "30": {"FR_thigh": [0.023493986576795578, -0.01995336264371872, -0.011268465779721737], "FL_thigh": [0.015126630663871765, 0.005509311333298683, -0.011761370114982128], "RR_thigh": [-0.05273965373635292, -0.01688714325428009, -0.022971730679273605], "RL_thigh": [-0.04895724728703499, 0.007736768573522568, -0.01753673143684864], "FR_foot": [0.032774344086647034, -0.015231485478579998, -0.03773273155093193], "FL_foot": [0.010040557011961937, -4.345853812992573e-05, -0.04078160226345062], "RR_foot": [-0.05689079314470291, -0.012378930114209652, -0.047965191304683685], "RL_foot": [-0.07217410206794739, 0.0025277668610215187, -0.04637730121612549], "cam_R": [[-0.29115137457847595, -0.956672191619873, -0.0030919834971427917], [0.9493958950042725, -0.28933244943618774, 0.12220650911331177], [-0.11780606955289841, 0.0326450914144516, 0.992499589920044]], "cam_p": [-0.27249422669410706, 0.019348053261637688, -0.006339855492115021]}, "31": {"FR_thigh": [0.02243192121386528, -0.02083033323287964, -0.010875474661588669], "FL_thigh": [0.01493082381784916, 0.0050606513395905495, -0.011985044926404953], "RR_thigh": [-0.05404376983642578, -0.014504164457321167, -0.022695589810609818], "RL_thigh": [-0.05082946643233299, 0.008985672146081924, -0.018179453909397125], "FR_foot": [0.030638013035058975, -0.014415103942155838, -0.03752909600734711], "FL_foot": [0.007454650942236185, 0.0007697995752096176, -0.0406721755862236], "RR_foot": [-0.0571773536503315, -0.01073780283331871, -0.04733017086982727], "RL_foot": [-0.07300116866827011, 0.00288246083073318, -0.04559836536645889], "cam_R": [[-0.298972487449646, -0.9542145729064941, 0.009501881897449493], [0.9456342458724976, -0.2949185371398926, 0.13710954785346985], [-0.12802954018115997, 0.049977414309978485, 0.9905098676681519]], "cam_p": [-0.2741699814796448, 0.017828214913606644, -0.006350388750433922]}, "32": {"FR_thigh": [0.02204662188887596, -0.021914295852184296, -0.010388875380158424], "FL_thigh": [0.015696831047534943, 0.0034725400619208813, -0.012580806389451027], "RR_thigh": [-0.05527951195836067, -0.013858472928404808, -0.02216488867998123], "RL_thigh": [-0.05118967965245247, 0.010633517056703568, -0.01884111762046814], "FR_foot": [0.02802465483546257, -0.014915980398654938, -0.03729725629091263], "FL_foot": [0.00616783183068037, 0.0016603658441454172, -0.040989115834236145], "RR_foot": [-0.056278474628925323, -0.009117639623582363, -0.04438529536128044], "RL_foot": [-0.07000894844532013, 0.0024924257304519415, -0.04313147813081741], "cam_R": [[-0.29784733057022095, -0.9544183015823364, 0.01932740956544876], [0.9454752802848816, -0.2921410799026489, 0.14397624135017395], [-0.1317671537399292, 0.06115657836198807, 0.9893919825553894]], "cam_p": [-0.27556517720222473, 0.016038227826356888, -0.005508536007255316]}, "33": {"FR_thigh": [0.021294891834259033, -0.021494407206773758, -0.010452749207615852], "FL_thigh": [0.015670450404286385, 0.003259576391428709, -0.012703205458819866], "RR_thigh": [-0.05664151534438133, -0.012317216023802757, -0.022725466638803482], "RL_thigh": [-0.05256515368819237, 0.011475401930510998, -0.01931423507630825], "FR_foot": [0.026543978601694107, -0.01477031596004963, -0.037484731525182724], "FL_foot": [0.00457353051751852, 0.002112563233822584, -0.04157024621963501], "RR_foot": [-0.05420304462313652, -0.00772169791162014, -0.04390600323677063], "RL_foot": [-0.060011714696884155, 0.0028152568265795708, -0.04196155071258545], "cam_R": [[-0.30076396465301514, -0.9529728889465332, 0.037197887897491455], [0.9440159797668457, -0.29194018244743347, 0.15363821387290955], [-0.13555346429347992, 0.08132435381412506, 0.9874265193939209]], "cam_p": [-0.27650004625320435, 0.014771370217204094, -0.003936736844480038]}, "34": {"FR_thigh": [0.02043713629245758, -0.021000580862164497, -0.011018558405339718], "FL_thigh": [0.015627574175596237, 0.0033608190715312958, -0.013540158048272133], "RR_thigh": [-0.05792052298784256, -0.009970409795641899, -0.02213994972407818], "RL_thigh": [-0.05370485037565231, 0.01236248854547739, -0.01935507543385029], "FR_foot": [0.02392023243010044, -0.014742753468453884, -0.03848566487431526], "FL_foot": [0.0028534098528325558, 0.002518619876354933, -0.042478047311306], "RR_foot": [-0.05152785778045654, -0.007265796419233084, -0.04525783658027649], "RL_foot": [-0.046801742166280746, 0.0016993829049170017, -0.041891299188137054], "cam_R": [[-0.3060470223426819, -0.9503356218338013, 0.05654778331518173], [0.9446502923965454, -0.2957683205604553, 0.1419733166694641], [-0.11819732934236526, 0.0968683511018753, 0.9882540702819824]], "cam_p": [-0.27740857005119324, 0.0140585508197546, -0.0027424106374382973]}, "35": {"FR_thigh": [0.020203465595841408, -0.02114143967628479, -0.011204913258552551], "FL_thigh": [0.01655471883714199, 0.0028719273395836353, -0.014448992908000946], "RR_thigh": [-0.05784773454070091, -0.00919053703546524, -0.020790766924619675], "RL_thigh": [-0.054079316556453705, 0.011593243107199669, -0.019242126494646072], "FR_foot": [0.023932401090860367, -0.015055397525429726, -0.0391387976706028], "FL_foot": [0.001913443673402071, 0.0025876639410853386, -0.04282848536968231], "RR_foot": [-0.048100534826517105, -0.005320362281054258, -0.046594664454460144], "RL_foot": [-0.033817846328020096, -0.0015864713350310922, -0.04116285219788551], "cam_R": [[-0.3080318868160248, -0.9489173293113708, 0.0683518722653389], [0.9442119598388672, -0.29612118005752563, 0.1441417783498764], [-0.11653807014226913, 0.10893891006708145, 0.9871935248374939]], "cam_p": [-0.278085321187973, 0.013219531625509262, -0.0014693147968500853]}, "36": {"FR_thigh": [0.020147094503045082, -0.020970843732357025, -0.011259585618972778], "FL_thigh": [0.016286930069327354, 0.0035897213965654373, -0.014141769148409367], "RR_thigh": [-0.05785929411649704, -0.008839420974254608, -0.020260769873857498], "RL_thigh": [-0.054372821003198624, 0.012275351211428642, -0.01863943226635456], "FR_foot": [0.023019973188638687, -0.01468730065971613, -0.0391944982111454], "FL_foot": [0.0014948844909667969, 0.003060276387259364, -0.04278670251369476], "RR_foot": [-0.04811989888548851, -0.005936416797339916, -0.046049267053604126], "RL_foot": [-0.03434067964553833, 1.4354009181261063e-06, -0.041971124708652496], "cam_R": [[-0.2991684675216675, -0.9513593912124634, 0.07357849180698395], [0.9475834965705872, -0.28714364767074585, 0.14012351632118225], [-0.11218028515577316, 0.11164229363203049, 0.9873964786529541]], "cam_p": [-0.27862128615379333, 0.01256258599460125, -0.00045628822408616543]}, "37": {"FR_thigh": [0.020205184817314148, -0.020859893411397934, -0.011289594694972038], "FL_thigh": [0.016306817531585693, 0.0030476446263492107, -0.014358327724039555], "RR_thigh": [-0.05796930193901062, -0.0085769547149539, -0.01994635909795761], "RL_thigh": [-0.055655259639024734, 0.011236248537898064, -0.018641512840986252], "FR_foot": [0.02250233292579651, -0.014391729608178139, -0.039184361696243286], "FL_foot": [0.0007321182638406754, 0.0030364766716957092, -0.04282456636428833], "RR_foot": [-0.048585083335638046, -0.0060625458136200905, -0.04783586785197258], "RL_foot": [-0.03454362973570824, -0.0018557172734290361, -0.04169323295354843], "cam_R": [[-0.2991642951965332, -0.9514447450637817, 0.07248421758413315], [0.9474321603775024, -0.28715166449546814, 0.1411232352256775], [-0.1134570837020874, 0.11089278757572174, 0.9873348474502563]], "cam_p": [-0.2797849774360657, 0.013472054153680801, 0.0007644118741154671]}, "38": {"FR_thigh": [0.020666012540459633, -0.021132182329893112, -0.009974123910069466], "FL_thigh": [0.016989633440971375, 0.0023232081439346075, -0.014349826611578465], "RR_thigh": [-0.05783198028802872, -0.008857461623847485, -0.01883688196539879], "RL_thigh": [-0.054748374968767166, 0.011754658073186874, -0.01788254640996456], "FR_foot": [0.022316258400678635, -0.014819864183664322, -0.03907999023795128], "FL_foot": [0.0006584054790437222, 0.0023668608628213406, -0.04195161908864975], "RR_foot": [-0.04741853475570679, -0.004679328761994839, -0.043922945857048035], "RL_foot": [-0.035235438495874405, 0.0005482652923092246, -0.0407637394964695], "cam_R": [[-0.2999859154224396, -0.9518017768859863, 0.06389397382736206], [0.9466546773910522, -0.2887606620788574, 0.14305025339126587], [-0.11770546436309814, 0.10339856147766113, 0.9876515865325928]], "cam_p": [-0.2805713713169098, 0.014466062188148499, 0.0016986944247037172]}, "39": {"FR_thigh": [0.021052012220025063, -0.021133875474333763, -0.00997734721750021], "FL_thigh": [0.017141811549663544, 0.0022450843825936317, -0.014165511354804039], "RR_thigh": [-0.0578174963593483, -0.00917939841747284, -0.01860450953245163], "RL_thigh": [-0.054508455097675323, 0.011976643465459347, -0.01773824542760849], "FR_foot": [0.02201671525835991, -0.015061573125422001, -0.03923407196998596], "FL_foot": [0.0008351723663508892, 0.002318519400432706, -0.04185931012034416], "RR_foot": [-0.04706471785902977, -0.004693083465099335, -0.04372993856668472], "RL_foot": [-0.03478071093559265, 0.0005034214118495584, -0.040707800537347794], "cam_R": [[-0.3082398772239685, -0.9497606158256531, 0.054250359535217285], [0.9438113570213318, -0.2981679439544678, 0.14253205060958862], [-0.1191956177353859, 0.09513632953166962, 0.9883019328117371]], "cam_p": [-0.2810119390487671, 0.016314318403601646, 0.0025189300067722797]}, "40": {"FR_thigh": [0.021197568625211716, -0.02109716646373272, -0.010406692512333393], "FL_thigh": [0.017589807510375977, 0.0023847147822380066, -0.014526338316500187], "RR_thigh": [-0.057008352130651474, -0.009138308465480804, -0.018717100843787193], "RL_thigh": [-0.05366368219256401, 0.012056234292685986, -0.017934337258338928], "FR_foot": [0.022535543888807297, -0.015774212777614594, -0.03915143385529518], "FL_foot": [0.0011221664026379585, 0.002057013800367713, -0.04203338548541069], "RR_foot": [-0.04687104374170303, -0.004847406875342131, -0.04435483738780022], "RL_foot": [-0.033788155764341354, -0.0003999930340796709, -0.04092022776603699], "cam_R": [[-0.3143962323665619, -0.9476432800292969, 0.055924706161022186], [0.9417461156845093, -0.3039417266845703, 0.1439914107322693], [-0.11945442110300064, 0.09793727099895477, 0.9879968166351318]], "cam_p": [-0.28115391731262207, 0.01774795912206173, 0.002863905858248472]}, "41": {"FR_thigh": [0.021075258031487465, -0.021306445822119713, -0.01052516046911478], "FL_thigh": [0.017172787338495255, 0.00234497943893075, -0.0144442617893219], "RR_thigh": [-0.05695104971528053, -0.009173265658318996, -0.019127435982227325], "RL_thigh": [-0.053644731640815735, 0.011373334564268589, -0.017844798043370247], "FR_foot": [0.023153480142354965, -0.015779443085193634, -0.03849010169506073], "FL_foot": [0.00181159982457757, 0.0018633974250406027, -0.042156945914030075], "RR_foot": [-0.04717043787240982, -0.00521684717386961, -0.04555610567331314], "RL_foot": [-0.03338523581624031, -0.001327199162915349, -0.041022926568984985], "cam_R": [[-0.32832425832748413, -0.9424646496772766, 0.06295780837535858], [0.93619304895401, -0.3158361613750458, 0.1542389839887619], [-0.12548042833805084, 0.10958120971918106, 0.9860259294509888]], "cam_p": [-0.2809380888938904, 0.01923234574496746, 0.0029265896882861853]}, "42": {"FR_thigh": [0.021092839539051056, -0.02126217633485794, -0.010694583877921104], "FL_thigh": [0.017045460641384125, 0.002507963217794895, -0.014600498601794243], "RR_thigh": [-0.056928981095552444, -0.009138194844126701, -0.018923578783869743], "RL_thigh": [-0.0535864382982254, 0.011543105356395245, -0.01767815835773945], "FR_foot": [0.02347983419895172, -0.015895312651991844, -0.03843354061245918], "FL_foot": [0.002088320441544056, 0.0018852921202778816, -0.04235783591866493], "RR_foot": [-0.047263290733098984, -0.00540859904140234, -0.0453