{"0": {"FR_thigh": [0.02608393505215645, -0.01360328309237957, -0.010888438671827316], "FL_thigh": [0.010034332051873207, 0.007624568417668343, -0.013137146830558777], "RR_thigh": [-0.062400054186582565, -0.016352582722902298, -0.027996975928544998], "RL_thigh": [-0.03831798583269119, 0.009666185826063156, -0.006143772974610329], "FR_foot": [0.011412730440497398, -0.002746772952377796, -0.03996884077787399], "FL_foot": [0.004925731103867292, 0.002684646286070347, -0.03949160501360893], "RR_foot": [-0.05838564783334732, -0.009127706289291382, -0.04274518042802811], "RL_foot": [-0.0351485013961792, 0.0005799063947051764, -0.03450356051325798], "cam_R": [[-0.26087111234664917, 0.9453562498092651, 0.19557061791419983], [-0.9305465221405029, -0.3001697063446045, 0.20971748232841492], [0.25696200132369995, -0.12727831304073334, 0.9580029249191284]], "cam_p": [-0.31321367621421814, -0.046594951301813126, 0.02369314432144165]}, "1": {"FR_thigh": [0.025440320372581482, -0.014071437530219555, -0.010209480300545692], "FL_thigh": [0.010372808203101158, 0.00716574490070343, -0.01274215616285801], "RR_thigh": [-0.061660341918468475, -0.015735123306512833, -0.02760075405240059], "RL_thigh": [-0.038005076348781586, 0.010198384523391724, -0.0059360661543905735], "FR_foot": [0.0111880823969841, -0.003799993544816971, -0.039821822196245193], "FL_foot": [0.0057709491811692715, 0.0021508289501070976, -0.038660600781440735], "RR_foot": [-0.05605023726820946, -0.009678171947598457, -0.042310863733291626], "RL_foot": [-0.03414463251829147, 3.539322642609477e-05, -0.03449445590376854], "cam_R": [[-0.2471422255039215, 0.9496051073074341, 0.19279702007770538], [-0.9366948008537292, -0.2850636839866638, 0.20332707464694977], [0.2480398416519165, -0.13034118711948395, 0.9599416851997375]], "cam_p": [-0.31030726432800293, -0.04572044312953949, 0.021880745887756348]}, "2": {"FR_thigh": [0.02397499792277813, -0.014780816622078419, -0.010092625394463539], "FL_thigh": [0.010970678180456161, 0.006971248425543308, -0.012339327484369278], "RR_thigh": [-0.0614621676504612, -0.014827574603259563, -0.02749350294470787], "RL_thigh": [-0.038109615445137024, 0.011536997742950916, -0.006775441113859415], "FR_foot": [0.011657800525426865, -0.005262091755867004, -0.039927028119564056], "FL_foot": [0.006894772872328758, 0.001955077052116394, -0.038432776927948], "RR_foot": [-0.05397777631878853, -0.010915404185652733, -0.04108681529760361], "RL_foot": [-0.03349591791629791, -0.0005138525739312172, -0.03467102721333504], "cam_R": [[-0.22101396322250366, 0.9567583799362183, 0.18912021815776825], [-0.9445309042930603, -0.2582867741584778, 0.20285376906394958], [0.2429293692111969, -0.13379636406898499, 0.9607729315757751]], "cam_p": [-0.30698466300964355, -0.0453961081802845, 0.020674483850598335]}, "3": {"FR_thigh": [0.0226043239235878, -0.015490707010030746, -0.010411391034722328], "FL_thigh": [0.011623111553490162, 0.006886499468237162, -0.011667607352137566], "RR_thigh": [-0.06199892237782478, -0.014107707887887955, -0.027356252074241638], "RL_thigh": [-0.03836057335138321, 0.012314957566559315, -0.0078694187104702], "FR_foot": [0.013825693167746067, -0.005232259631156921, -0.03989723324775696], "FL_foot": [0.01448567770421505, 0.003592490451410413, -0.03893701359629631], "RR_foot": [-0.053817249834537506, -0.011432226747274399, -0.039760664105415344], "RL_foot": [-0.03328724578022957, -0.0016305947210639715, -0.035461071878671646], "cam_R": [[-0.192056804895401, 0.9628122448921204, 0.19001732766628265], [-0.953671932220459, -0.22878918051719666, 0.19535908102989197], [0.23156803846359253, -0.14369416236877441, 0.9621477127075195]], "cam_p": [-0.3050764799118042, -0.045557815581560135, 0.02012757956981659]}, "4": {"FR_thigh": [0.022193951532244682, -0.01594850793480873, -0.010101696476340294], "FL_thigh": [0.012114587239921093, 0.006983283907175064, -0.012185459956526756], "RR_thigh": [-0.0634363517165184, -0.014421056024730206, -0.028070826083421707], "RL_thigh": [-0.04011170193552971, 0.012455283664166927, -0.00857207365334034], "FR_foot": [0.01759662851691246, -0.0056494539603590965, -0.03806392848491669], "FL_foot": [0.017074204981327057, 0.005102253518998623, -0.040702417492866516], "RR_foot": [-0.05397864431142807, -0.012135948985815048, -0.040146902203559875], "RL_foot": [-0.03451019525527954, -0.00277872197329998, -0.03566129505634308], "cam_R": [[-0.15295153856277466, 0.970501184463501, 0.1863691508769989], [-0.9645286202430725, -0.1876623034477234, 0.1856544315814972], [0.2151522934436798, -0.15136224031448364, 0.9647794961929321]], "cam_p": [-0.30295443534851074, -0.04657420516014099, 0.01976015791296959]}, "5": {"FR_thigh": [0.024232693016529083, -0.01560609508305788, -0.010272203013300896], "FL_thigh": [0.012318683788180351, 0.007242522202432156, -0.01288363803178072], "RR_thigh": [-0.06419329345226288, -0.014668451622128487, -0.028664957731962204], "RL_thigh": [-0.04200579226016998, 0.012191190384328365, -0.008127342909574509], "FR_foot": [0.01563284918665886, -0.005793744698166847, -0.035729508846998215], "FL_foot": [0.015070419758558273, 0.0048935748636722565, -0.041519489139318466], "RR_foot": [-0.05369623377919197, -0.011899223551154137, -0.04150267690420151], "RL_foot": [-0.036025844514369965, -0.002931279595941305, -0.03528209030628204], "cam_R": [[-0.11020657420158386, 0.9777198433876038, 0.17865467071533203], [-0.9739882946014404, -0.1420457363128662, 0.17654794454574585], [0.19799160957336426, -0.1545509248971939, 0.9679427146911621]], "cam_p": [-0.3013787567615509, -0.04757706820964813, 0.019412372261285782]}, "6": {"FR_thigh": [0.0252530537545681, -0.014515242539346218, -0.010333448648452759], "FL_thigh": [0.012294010259211063, 0.007537554483860731, -0.013676268979907036], "RR_thigh": [-0.060808226466178894, -0.015727050602436066, -0.026136057451367378], "RL_thigh": [-0.04483897238969803, 0.010056691244244576, -0.006528896279633045], "FR_foot": [0.012161293998360634, -0.007475880905985832, -0.0353061780333519], "FL_foot": [0.012501116842031479, 0.003512241644784808, -0.04060671105980873], "RR_foot": [-0.05249937251210213, -0.012879902496933937, -0.04121643677353859], "RL_foot": [-0.0379636324942112, -0.0027246945537626743, -0.03462734818458557], "cam_R": [[-0.06006017327308655, 0.9844737648963928, 0.16493552923202515], [-0.9797371625900269, -0.08976727724075317, 0.17904573678970337], [0.1910717487335205, -0.15083986520767212, 0.9699164628982544]], "cam_p": [-0.2996654808521271, -0.04872822389006615, 0.01924131065607071]}, "7": {"FR_thigh": [0.023865867406129837, -0.012701496481895447, -0.010821778327226639], "FL_thigh": [0.01204654946923256, 0.006953924894332886, -0.014239479787647724], "RR_thigh": [-0.048557695001363754, -0.017633890733122826, -0.01762983575463295], "RL_thigh": [-0.04877520725131035, 0.005942009389400482, -0.005575464107096195], "FR_foot": [0.008090334013104439, -0.011060061864554882, -0.038365110754966736], "FL_foot": [0.010475480929017067, 0.0015283154789358377, -0.03957480937242508], "RR_foot": [-0.046256061643362045, -0.016921870410442352, -0.041161250323057175], "RL_foot": [-0.04011652246117592, -0.002814573235809803, -0.03379294276237488], "cam_R": [[-0.002612173557281494, 0.9892978668212891, 0.14588512480258942], [-0.9829467535018921, -0.029364466667175293, 0.1815296709537506], [0.1838708519935608, -0.14292320609092712, 0.9725044369697571]], "cam_p": [-0.29839590191841125, -0.049660395830869675, 0.01876232773065567]}, "8": {"FR_thigh": [0.025985591113567352, -0.01285198237746954, -0.011226576752960682], "FL_thigh": [0.011039409786462784, 0.007028285879641771, -0.015309887006878853], "RR_thigh": [-0.04602400213479996, -0.018125947564840317, -0.01423585880547762], "RL_thigh": [-0.04844224080443382, 0.002034599892795086, -0.007075250148773193], "FR_foot": [0.01321830041706562, -0.014382750727236271, -0.040358200669288635], "FL_foot": [0.007606444880366325, 0.0009514708071947098, -0.03964024782180786], "RR_foot": [-0.04481741786003113, -0.020221363753080368, -0.04069392383098602], "RL_foot": [-0.04313838854432106, -0.0017799115739762783, -0.03346364572644234], "cam_R": [[0.06202429533004761, 0.9897122383117676, 0.128925159573555], [-0.9797311425209045, 0.03572326898574829, 0.1971055567264557], [0.19047227501869202, -0.1385374367237091, 0.9718682169914246]], "cam_p": [-0.29781800508499146, -0.050094544887542725, 0.019268333911895752]}, "9": {"FR_thigh": [0.027504419907927513, -0.012000400573015213, -0.013460017740726471], "FL_thigh": [0.010065848007798195, 0.00830383226275444, -0.015367771498858929], "RR_thigh": [-0.04774516075849533, -0.017549704760313034, -0.011100474745035172], "RL_thigh": [-0.050974320620298386, 0.0029651508666574955, -0.007104784250259399], "FR_foot": [0.025532560423016548, -0.014499211683869362, -0.04538621008396149], "FL_foot": [0.005942401476204395, 0.0005872400943189859, -0.03879314288496971], "RR_foot": [-0.049994539469480515, -0.021689381450414658, -0.037915781140327454], "RL_foot": [-0.04366787150502205, -0.0013388165971264243, -0.03339364379644394], "cam_R": [[0.12340614199638367, 0.9866631627082825, 0.10614926367998123], [-0.9751812219619751, 0.10075950622558594, 0.1971529871225357], [0.1838279813528061, -0.12784463167190552, 0.974609375]], "cam_p": [-0.2992093563079834, -0.04920201748609543, 0.018694927915930748]}, "10": {"FR_thigh": [0.027785269543528557, -0.01266985759139061, -0.016526520252227783], "FL_thigh": [0.008388902992010117, 0.008841630071401596, -0.01639409177005291], "RR_thigh": [-0.04737795889377594, -0.018553607165813446, -0.010089593939483166], "RL_thigh": [-0.05230025202035904, -0.00056047597900033, -0.008051661774516106], "FR_foot": [0.019543712958693504, -0.010418507270514965, -0.04919780045747757], "FL_foot": [0.006458872929215431, -0.001989776734262705, -0.039449967443943024], "RR_foot": [-0.04587697237730026, -0.022087831050157547, -0.038228824734687805], "RL_foot": [-0.04431041330099106, -0.0027395039796829224, -0.033823639154434204], "cam_R": [[0.1835174262523651, 0.9794816970825195, 0.083293616771698], [-0.9678905010223389, 0.16523641347885132, 0.18943314254283905], [0.17178311944007874, -0.11538331210613251, 0.9783544540405273]], "cam_p": [-0.30089715123176575, -0.047433190047740936, 0.01888749934732914]}, "11": {"FR_thigh": [0.0263025164604187, -0.013130610808730125, -0.017727643251419067], "FL_thigh": [0.007325474172830582, 0.009209996089339256, -0.018377359956502914], "RR_thigh": [-0.04663176089525223, -0.01999180018901825, -0.010348878800868988], "RL_thigh": [-0.054162878543138504, -0.0024441187269985676, -0.00790609885007143], "FR_foot": [0.017068130895495415, -0.01024099625647068, -0.04924508184194565], "FL_foot": [0.005984927993267775, -0.004077916033565998, -0.038693733513355255], "RR_foot": [-0.04454738646745682, -0.02237551659345627, -0.03741036355495453], "RL_foot": [-0.044526077806949615, -0.003668913384899497, -0.03370412439107895], "cam_R": [[0.2405499964952469, 0.9686156511306763, 0.0626135915517807], [-0.9567181468009949, 0.2257213145494461, 0.18368473649024963], [0.1637866348028183, -0.10408888757228851, 0.9809895753860474]], "cam_p": [-0.30222102999687195, -0.04570869728922844, 0.018757767975330353]}, "12": {"FR_thigh": [0.025063112378120422, -0.013703178614377975, -0.018019279465079308], "FL_thigh": [0.008434946648776531, 0.007698759436607361, -0.01932521164417267], "RR_thigh": [-0.04586845263838768, -0.01970929652452469, -0.011636401526629925], "RL_thigh": [-0.054737675935029984, -0.0005294089205563068, -0.010835850611329079], "FR_foot": [0.015278331004083157, -0.010281762108206749, -0.04888249933719635], "FL_foot": [0.0064512696117162704, -0.004834589082747698, -0.0410216748714447], "RR_foot": [-0.04315667599439621, -0.02294643223285675, -0.03804069012403488], "RL_foot": [-0.040977030992507935, -0.0053430162370204926, -0.03325576335191727], "cam_R": [[0.2996975779533386, 0.9526833891868591, 0.05075959116220474], [-0.9408234357833862, 0.28630518913269043, 0.18133120238780975], [0.15821844339370728, -0.10210030525922775, 0.9821114540100098]], "cam_p": [-0.3022805452346802, -0.04467643424868584, 0.01901293732225895]}, "13": {"FR_thigh": [0.02277311682701111, -0.014123128727078438, -0.016978103667497635], "FL_thigh": [0.009491315111517906, 0.0073584034107625484, -0.019132714718580246], "RR_thigh": [-0.045585066080093384, -0.019789602607488632, -0.013479632325470448], "RL_thigh": [-0.051546625792980194, -0.002599069382995367, -0.013221217319369316], "FR_foot": [0.014286903664469719, -0.010739633813500404, -0.04795970395207405], "FL_foot": [0.006468435283750296, -0.0034728553146123886, -0.04568114131689072], "RR_foot": [-0.040599510073661804, -0.023204270750284195, -0.04262205958366394], "RL_foot": [-0.036259010434150696, -0.007143267430365086, -0.036066897213459015], "cam_R": [[0.3650137782096863, 0.9299734830856323, 0.043752431869506836], [-0.9197577834129333, 0.3529249131679535, 0.1717289239168167], [0.1442619115114212, -0.10292498022317886, 0.9841716885566711]], "cam_p": [-0.30123624205589294, -0.04335924983024597, 0.01896180957555771]}, "14": {"FR_thigh": [0.022680258378386497, -0.014672399498522282, -0.016424791887402534], "FL_thigh": [0.011556709185242653, 0.006004460155963898, -0.017341582104563713], "RR_thigh": [-0.046864476054906845, -0.018547935411334038, -0.013316480442881584], "RL_thigh": [-0.05198927968740463, 0.0003458810970187187, -0.013032913208007812], "FR_foot": [0.013668589293956757, -0.011845636181533337, -0.04595261439681053], "FL_foot": [0.007394852582365274, -0.003193320706486702, -0.04902396351099014], "RR_foot": [-0.041379258036613464, -0.023204967379570007, -0.04221869632601738], "RL_foot": [-0.038911402225494385, -0.007820632308721542, -0.036179739981889725], "cam_R": [[0.43785175681114197, 0.8980554938316345, 0.042216360569000244], [-0.8900729417800903, 0.426384836435318, 0.16113869845867157], [0.12671113014221191, -0.1081305518746376, 0.9860287308692932]], "cam_p": [-0.29926249384880066, -0.042152635753154755, 0.018863476812839508]}, "15": {"FR_thigh": [0.022110886871814728, -0.01618397980928421, -0.01897766813635826], "FL_thigh": [0.014145584776997566, 0.005620324052870274, -0.02027803473174572], "RR_thigh": [-0.04649956151843071, -0.018626313656568527, -0.010521799325942993], "RL_thigh": [-0.053665027022361755, 0.0017135145608335733, -0.012313352897763252], "FR_foot": [0.013409147039055824, -0.012271853163838387, -0.043772611767053604], "FL_foot": [0.008602119982242584, -0.0033387900330126286, -0.05452582985162735], "RR_foot": [-0.03971373289823532, -0.02470669336616993, -0.04058774560689926], "RL_foot": [-0.041011516004800797, -0.007860718294978142, -0.03554648160934448], "cam_R": [[0.5275279879570007, 0.8484811782836914, 0.04235217720270157], [-0.8426167368888855, 0.5162296295166016, 0.15330824255943298], [0.10821577161550522, -0.11656113713979721, 0.9872708320617676]], "cam_p": [-0.2964368760585785, -0.04067438840866089, 0.019127802923321724]}, "16": {"FR_thigh": [0.02338910847902298, -0.016501499339938164, -0.018782319501042366], "FL_thigh": [0.013585408218204975, 0.005445662885904312, -0.019997768104076385], "RR_thigh": [-0.04597337171435356, -0.019347961992025375, -0.010822801850736141], "RL_thigh": [-0.05379019305109978, 0.0050138323567807674, -0.011309096589684486], "FR_foot": [0.014496276155114174, -0.014147661626338959, -0.04281029850244522], "FL_foot": [0.010167473927140236, -0.003261054866015911, -0.0533328503370285], "RR_foot": [-0.0420822910964489, -0.026045892387628555, -0.040711089968681335], "RL_foot": [-0.0434725284576416, -0.00804673507809639, -0.034372780472040176], "cam_R": [[0.6240684986114502, 0.7805266976356506, 0.036291491240262985], [-0.7765411138534546, 0.6143868565559387, 0.13968706130981445], [0.08673246204853058, -0.11535609513521194, 0.9895303249359131]], "cam_p": [-0.29328835010528564, -0.03901740908622742, 0.01917029172182083]}, "17": {"FR_thigh": [0.02554374560713768, -0.016967205330729485, -0.015844235196709633], "FL_thigh": [0.012071281671524048, 0.004108372610062361, -0.017986677587032318], "RR_thigh": [-0.050095342099666595, -0.014533973298966885, -0.014146259985864162], "RL_thigh": [-0.05201636254787445, 0.014391513541340828, -0.012395355850458145], "FR_foot": [0.021501941606402397, -0.019955504685640335, -0.04430001229047775], "FL_foot": [0.011535677127540112, -0.004940028768032789, -0.049434367567300797], "RR_foot": [-0.04619139805436134, -0.021363750100135803, -0.04014597088098526], "RL_foot": [-0.045742303133010864, -0.005728213582187891, -0.03172214329242706], "cam_R": [[0.7356923818588257, 0.6769088506698608, 0.023487016558647156], [-0.6748812198638916, 0.7296692132949829, 0.11008135974407196], [0.05737732723355293, -0.09683701395988464, 0.9936452507972717]], "cam_p": [-0.28866884112358093, -0.038137178868055344, 0.018993787467479706]}, "18": {"FR_thigh": [0.02639082446694374, -0.017027616500854492, -0.013300285674631596], "FL_thigh": [0.014651212841272354, 0.0043928856030106544, -0.016283005475997925], "RR_thigh": [-0.05406954884529114, -0.01114373654127121, -0.011731450445950031], "RL_thigh": [-0.055856313556432724, 0.01530260220170021, -0.011089113540947437], "FR_foot": [0.021396737545728683, -0.017954811453819275, -0.05103623867034912], "FL_foot": [0.013396454975008965, -0.0077695888467133045, -0.04641297087073326], "RR_foot": [-0.04863404482603073, -0.021856222301721573, -0.03385649621486664], "RL_foot": [-0.04703696444630623, -0.00430973619222641, -0.031212303787469864], "cam_R": [[0.8356891870498657, 0.5489029288291931, 0.01812852919101715], [-0.5486674904823303, 0.8329623937606812, 0.07168291509151459], [0.024246610701084137, -0.06985130161046982, 0.9972631335258484]], "cam_p": [-0.28386855125427246, -0.03739101439714432, 0.018802756443619728]}, "19": {"FR_thigh": [0.025160953402519226, -0.016309160739183426, -0.01478290744125843], "FL_thigh": [0.008577454835176468, 0.006722187157720327, -0.013783011585474014], "RR_thigh": [-0.05918366461992264, -0.012291206046938896, -0.011549655348062515], "RL_thigh": [-0.05785849317908287, 0.014225969091057777, -0.009474596939980984], "FR_foot": [0.01494443230330944, -0.007095301523804665, -0.05592033639550209], "FL_foot": [-0.009426586329936981, -0.012965910136699677, -0.03409188613295555], "RR_foot": [-0.04447862505912781, -0.026116881519556046, -0.025959666818380356], "RL_foot": [-0.048826221376657486, -0.005561681464314461, -0.032298021018505096], "cam_R": [[0.9060231447219849, 0.42208003997802734, 0.03116048127412796], [-0.42299097776412964, 0.9055243134498596, 0.03324131667613983], [-0.014186114072799683, -0.043297942727804184, 0.9989609718322754]], "cam_p": [-0.2784090042114258, -0.03595869615674019, 0.019362516701221466]}, "20": {"FR_thigh": [0.021945985034108162, -0.01694490760564804, -0.015218527987599373], "FL_thigh": [0.009062673896551132, 0.006569904275238514, -0.014651102013885975], "RR_thigh": [-0.06087213009595871, -0.009921940043568611, -0.013302265666425228], "RL_thigh": [-0.05543439835309982, 0.01577228307723999, -0.01050973404198885], "FR_foot": [0.015133568085730076, -0.009805549867451191, -0.053517166525125504], "FL_foot": [-0.009853463619947433, -0.012289132922887802, -0.032443027943372726], "RR_foot": [-0.0451384112238884, -0.02179635688662529, -0.024297397583723068], "RL_foot": [-0.04455309361219406, -0.005158773623406887, -0.032224755734205246], "cam_R": [[0.9546648263931274, 0.29411619901657104, 0.045947521924972534], [-0.2948787212371826, 0.9554750323295593, 0.010649636387825012], [-0.04076966643333435, -0.023716017603874207, 0.9988877773284912]], "cam_p": [-0.27135902643203735, -0.03583047166466713, 0.02010885439813137]}, "21": {"FR_thigh": [0.019453205168247223, -0.01981997676193714, -0.012065835297107697], "FL_thigh": [0.00805214885622263, 0.00804712064564228, -0.013679396361112595], "RR_thigh": [-0.05474388226866722, -0.009961377829313278, -0.015253392979502678], "RL_thigh": [-0.045347753912210464, 0.010157408192753792, -0.01174684427678585], "FR_foot": [0.02176256850361824, -0.01146596111357212, -0.04937604069709778], "FL_foot": [-0.005208784714341164, -0.010937122628092766, -0.041787199676036835], "RR_foot": [-0.04221310466527939, -0.02159230411052704, -0.02895396016538143], "RL_foot": [-0.03940030559897423, -0.008673123084008694, -0.037551216781139374], "cam_R": [[0.9814537763595581, 0.1800837516784668, 0.0657128319144249], [-0.18011385202407837, 0.9836305379867554, -0.005516819655895233], [-0.06563059985637665, -0.006421148777008057, 0.9978229999542236]], "cam_p": [-0.26403507590293884, -0.035564154386520386, 0.020178141072392464]}, "22": {"FR_thigh": [0.017309922724962234, -0.020721765235066414, -0.009477002546191216], "FL_thigh": [0.010012289509177208, 0.00734010711312294, -0.012572959065437317], "RR_thigh": [-0.05304892361164093, -0.009655562229454517, -0.016640741378068924], "RL_thigh": [-0.041423551738262177, 0.008904343470931053, -0.014305083081126213], "FR_foot": [0.022571995854377747, -0.01448722556233406, -0.04553115367889404], "FL_foot": [0.003499293001368642, -0.004330328665673733, -0.05051325261592865], "RR_foot": [-0.043338172137737274, -0.01768183335661888, -0.03329119458794594], "RL_foot": [-0.036164961755275726, -0.0062768831849098206, -0.04298015311360359], "cam_R": [[0.9919419884681702, 0.088030606508255, 0.09111431241035461], [-0.08746001124382019, 0.9961151480674744, -0.010244082659482956], [-0.09166206419467926, 0.002192482352256775, 0.9957877993583679]], "cam_p": [-0.25669625401496887, -0.03520399332046509, 0.019753312692046165]}, "23": {"FR_thigh": [0.015297597274184227, -0.02087429352104664, -0.00899721123278141], "FL_thigh": [0.012047392316162586, 0.005869174841791391, -0.013553814962506294], "RR_thigh": [-0.05121995508670807, -0.013982104137539864, -0.014384806156158447], "RL_thigh": [-0.04660554975271225, 0.008865672163665295, -0.01416702475398779], "FR_foot": [0.018502015620470047, -0.017315708100795746, -0.04296926036477089], "FL_foot": [0.013589214533567429, 0.004871400538831949, -0.05770384520292282], "RR_foot": [-0.04404347762465477, -0.00960817001760006, -0.03805241361260414], "RL_foot": [-0.0338011234998703, -0.005757106933742762, -0.04482807219028473], "cam_R": [[0.9939395189285278, -0.0005025267601013184, 0.10992777347564697], [4.2110681533813477e-05, 0.9999914169311523, 0.004190634936094284], [-0.10992874205112457, -0.004160702228546143, 0.9939314723014832]], "cam_p": [-0.24934960901737213, -0.03472312539815903, 0.01937330700457096]}, "24": {"FR_thigh": [0.013894853182137012, -0.021128959953784943, -0.011267920024693012], "FL_thigh": [0.013782811351120472, 0.004921986721456051, -0.017525510862469673], "RR_thigh": [-0.05037110298871994, -0.01951988786458969, -0.015138844028115273], "RL_thigh": [-0.058069027960300446, 0.00712114293128252, -0.014908550307154655], "FR_foot": [0.01805385947227478, -0.019961833953857422, -0.04086660221219063], "FL_foot": [0.013586854562163353, 0.001455232035368681, -0.057610198855400085], "RR_foot": [-0.04496893659234047, -0.015344657003879547, -0.04345552623271942], "RL_foot": [-0.0384991280734539, -0.007428931072354317, -0.04608798027038574], "cam_R": [[0.9893207550048828, -0.0794210135936737, 0.12221468985080719], [0.07598856091499329, 0.9965789318084717, 0.032503657042980194], [-0.12437817454338074, -0.022869691252708435, 0.9919713735580444]], "cam_p": [-0.24099816381931305, -0.03256884217262268, 0.01924876868724823]}, "25": {"FR_thigh": [0.014634644612669945, -0.0200200155377388, -0.009983103722333908], "FL_thigh": [0.012302263639867306, 0.004944629967212677, -0.016195984557271004], "RR_thigh": [-0.049521829932928085, -0.022492144256830215, -0.01336027029901743], "RL_thigh": [-0.05828767269849777, 0.005434437654912472, -0.010366584174335003], "FR_foot": [0.015179449692368507, -0.023822184652090073, -0.03958602249622345], "FL_foot": [0.01488979160785675, -0.0027997163124382496, -0.05417861044406891], "RR_foot": [-0.05137798190116882, -0.019547682255506516, -0.039825595915317535], "RL_foot": [-0.04520132765173912, -0.007413300685584545, -0.04146710783243179], "cam_R": [[0.9814085960388184, -0.14320257306098938, 0.12778730690479279], [0.13848954439163208, 0.9893375635147095, 0.045082587748765945], [-0.13288059830665588, -0.02654733508825302, 0.9907770156860352]], "cam_p": [-0.23285304009914398, -0.030289819464087486, 0.019250039011240005]}, "26": {"FR_thigh": [0.016840118914842606, -0.02031943015754223, -0.009137938730418682], "FL_thigh": [0.010770507156848907, 0.004624527879059315, -0.014101577922701836], "RR_thigh": [-0.04831095039844513, -0.02041848562657833, -0.014420749619603157], "RL_thigh": [-0.06000526249408722, 0.0037739065010100603, -0.009755760431289673], "FR_foot": [0.022944996133446693, -0.0202168095856905, -0.04605592042207718], "FL_foot": [0.010207983665168285, -0.008259173482656479, -0.0522003173828125], "RR_foot": [-0.051307156682014465, -0.022762242704629898, -0.04060564562678337], "RL_foot": [-0.04311086982488632, -0.007645976729691029, -0.04350343346595764], "cam_R": [[0.9712486267089844, -0.19589433073997498, 0.13528329133987427], [0.1931164264678955, 0.980604350566864, 0.033493511378765106], [-0.13922035694122314, -0.006405144929885864, 0.9902408719062805]], "cam_p": [-0.2242802530527115, -0.02751055732369423, 0.018301744014024734]}}